1709788198695 1299.4621432588167 0
1709788206090 1301.1262563016958 0
1709788213560 1292.3076466853868 0
1709788220125 1291.1843431293044 0
1709788227043 1286.626993925009 0
1709788234574 1279.0592194958315 0
1709788243007 1328.093035982282 0
1709788251907 1308.5190842775337 0
1709788260441 1262.8179219641095 0
1709788268175 1258.5540101310228 0
1709788276846 1256.1545830535013 0
1709788284410 1244.9440775871049 0
1709788291893 1251.8209819906688 0
1709788299013 1163.8304877224298 0
1709788306276 1294.317901175373 0
1709788313025 1200.569066167559 0
