1709788198695 1304.2010389637508 0
1709788206090 1308.2345998590968 0
1709788213560 1299.4159902427878 0
1709788220125 1300.6621345391725 0
1709788227043 1296.104785334877 0
1709788234574 1290.9064587581665 0
1709788243007 1332.8819342916267 0
1709788251907 1315.702431741551 0
1709788260441 1267.3712542021415 0
1709788268175 1265.384008488071 0
1709788276846 1262.9845814105495 0
1709788284410 1254.050742063169 0
1709788291893 1260.927646466733 0
1709788299013 1175.21381831751 0
1709788306276 1298.9260313617813 0
1709788313025 1207.4812614471714 0
