1709788198695 61280133.46835443 0
1709788206090 61280133.46835443 0
1709788213560 61280133.46835443 0
1709788220125 61280133.46835443 0
1709788227043 61280133.46835443 0
1709788234574 61280133.46835443 0
1709788243007 61462663.55555557 0
1709788251907 61462663.55555557 0
1709788260441 165679530.0 0
1709788268175 165679530.0 0
1709788276846 165679530.0 0
1709788284410 165679530.0 0
1709788291893 165679530.0 0
1709788299013 165679530.0 0
1709788306276 166258383.6216216 0
1709788313025 166258383.6216216 0
