1709788198695 876.6271282230368 0
1709788206090 2.433071178279601 0
1709788213560 950.6964721231329 0
1709788220125 2.684265141501274 0
1709788227043 1008.7651356807348 0
1709788234574 2.6719406366747727 0
1709788243007 870.3791686896402 0
1709788251907 2.3207963778592355 0
1709788260441 1515.4633724294551 0
1709788268175 2.643204229553938 0
1709788276846 1635.9832179524099 0
1709788284410 2.818844435746705 0
1709788291893 1743.9966175662164 0
1709788299013 2.9017740037633355 0
1709788306276 1499.2523714722881 0
1709788313025 2.6148977937929394 0
