1709788198695 69849.99255020171 0
1709788206090 331633.8720318824 0
1709788213560 6767335.315613136 0
1709788220125 8882564.622489892 0
1709788227043 11817769.825524963 0
1709788234574 17461753.44431664 0
1709788243007 1848741.6973737702 0
1709788251907 15788455.00854627 0
1709788260441 528441.2768841088 0
1709788268175 14341612.265077263 0
1709788276846 19251126.950931907 0
1709788284410 43849532.1221886 0
1709788291893 31581659.371494174 0
1709788299013 127307262.15908733 0
1709788306276 4289237.169843644 0
1709788313025 121872729.58821145 0
