1709788198695 0.7677028040700796 0
1709788206090 0.9371069986441968 0
1709788213560 0.011716377470456694 0
1709788220125 0.0181280635978614 0
1709788227043 0.0010450828212207794 0
1709788234574 0.000121711939024776 0
1709788243007 0.12152644922081333 0
1709788251907 3.49382916494865e-05 0
1709788260441 0.6374949316193254 0
1709788268175 0.09832937461312058 0
1709788276846 0.014102570757068195 0
1709788284410 0.00028973539177708257 0
1709788291893 0.0023149048509691593 0
1709788299013 5.701398458070303e-20 0
1709788306276 0.17160260452737838 0
1709788313025 2.5865289933603822e-20 0
