1709788198695 0.08786839597780291 0
1709788206090 0.1378393869284315 0
1709788213560 4.717401247185243 0
1709788220125 3.178419504323072 0
1709788227043 5.973112157994385 0
1709788234574 5.89756274382634 0
1709788243007 2.449941046320926 0
1709788251907 8.98747070092125 0
1709788260441 0.22398211036867396 0
1709788268175 2.1788506378293273 0
1709788276846 4.535758541220925 0
1709788284410 6.116071892597599 0
1709788291893 5.338272281272869 0
1709788299013 44.39630846308199 0
1709788306276 1.9066907679277478 0
1709788313025 64.9450937369766 0
