1709788198695 -647.7310716294083 0
1709788206090 -647.5631281508479 0
1709788213560 -643.1538233426934 0
1709788220125 -641.5921715646522 0
1709788227043 -639.3134969625045 0
1709788234574 -634.5296097479157 0
1709788243007 -662.046517991141 0
1709788251907 -651.2595421387668 0
1709788260441 -629.4089609820547 0
1709788268175 -626.2770050655114 0
1709788276846 -625.0772915267506 0
1709788284410 -618.4720387935524 0
1709788291893 -621.9104909953344 0
1709788299013 -576.9152438612149 0
1709788306276 -645.1589505876865 0
1709788313025 -597.2845330837795 0
