1709788198695 794938.746439016 0
1709788206090 801981.3964206331 0
1709788213560 717273.6599044907 0
1709788220125 698662.0717001348 0
1709788227043 659498.1819043928 0
1709788234574 592168.466968694 0
1709788243007 754606.6057997696 0
1709788251907 585572.7947622273 0
1709788260441 2359301.2674730844 0
1709788268175 2194063.8512307643 0
1709788276846 2122150.7688270737 0
1709788284410 1792389.4982031088 0
1709788291893 1972027.5092427328 0
1709788299013 573503.8185210845 0
1709788306276 2249571.478496916 0
1709788313025 625516.7381942049 0
