1709788198695 69849.99255020171 0
1709788206090 110544.62401062746 0
1709788213560 3383667.657806568 0
1709788220125 2220641.155622473 0
1709788227043 3939256.608508321 0
1709788234574 3492350.688863328 0
1709788243007 1848741.6973737702 0
1709788251907 5262818.33618209 0
1709788260441 528441.2768841088 0
1709788268175 4780537.421692421 0
1709788276846 9625563.475465953 0
1709788284410 10962383.03054715 0
1709788291893 10527219.790498057 0
1709788299013 25461452.431817465 0
1709788306276 4289237.169843644 0
1709788313025 40624243.196070485 0
