1709788198695 785642.7367737747 0
1709788206090 775724.3037974683 0
1709788213560 785642.7367737747 0
1709788220125 775724.3037974683 0
1709788227043 785642.7367737747 0
1709788234574 775724.3037974683 0
1709788243007 768283.2944444446 0
1709788251907 758804.1111111111 0
1709788260441 2333514.5070422534 0
1709788268175 2301833.5833333335 0
1709788276846 2333514.5070422534 0
1709788284410 2301833.5833333335 0
1709788291893 2333514.5070422534 0
1709788299013 2301833.5833333335 0
1709788306276 2277512.1044057757 0
1709788313025 2247086.7297297297 0
