1709788198695 0.0011398472652849323 0
1709788206090 0.005411583849799895 0
1709788213560 0.1104327770289183 0
1709788220125 0.14494521612451206 0
1709788227043 0.1928483042816439 0
1709788234574 0.28493996210184036 0
1709788243007 0.03007910152970683 0
1709788251907 0.256876833931428 0
1709788260441 0.003189538725056229 0
1709788268175 0.08653495225694574 0
1709788276846 0.11619496355966186 0
1709788284410 0.2645809340364672 0
1709788291893 0.19061895800582107 0
1709788299013 0.7681512823858051 0
1709788306276 0.02579862185840376 0
1709788313025 0.7329173175336937 0
