1709788198695 -0.01183236251049058 0
1709788206090 -0.033848485208760604 0
1709788213560 0.08702311326652135 0
1709788220125 0.09934229431781949 0
1709788227043 0.16056223645290968 0
1709788234574 0.236625094676289 0
1709788243007 0.017801621802234657 0
1709788251907 0.22829517369802133 0
1709788260441 -0.011050610721728527 0
1709788268175 0.04681908061594342 0
1709788276846 0.0905774262715362 0
1709788284410 0.2213209889797888 0
1709788291893 0.15491097085901906 0
1709788299013 0.7508491392802682 0
1709788306276 0.012268047161992701 0
1709788313025 0.7216321337675118 0
