1709788198695 61210283.475804225 0
1709788206090 60950586.12796812 0
1709788213560 54512798.15274129 0
1709788220125 52399655.37751011 0
1709788227043 49462363.64282946 0
1709788234574 43820466.55568336 0
1709788243007 59613921.8581818 0
1709788251907 45674677.99145373 0
1709788260441 165151088.7231159 0
1709788268175 151390405.73492274 0
1709788276846 146428403.0490681 0
1709788284410 121882485.8778114 0
1709788291893 134097870.62850583 0
1709788299013 38424755.84091266 0
1709788306276 161969146.45177796 0
1709788313025 44411688.411788546 0
