1709804005332 1299.4621432588167 0
1709804016231 1301.1262563016958 0
1709804036885 1292.3076466853868 0
1709804048886 1291.1843431293044 0
1709804061847 1286.626993925009 0
1709804073640 1279.0592194958315 0
1709804086387 1328.093035982282 0
1709804098263 1308.5190842775337 0
1709804109682 1262.8179219641095 0
1709804122472 1258.5540101310228 0
1709804134131 1256.1545830535013 0
1709804145683 1244.9440775871049 0
1709804152196 1251.8209819906688 0
1709804158481 1163.8304877224298 0
1709804164733 1294.317901175373 0
1709804170987 1200.569066167559 0
