1709804005332 1304.2010389637508 0
1709804016231 1308.2345998590968 0
1709804036885 1299.4159902427878 0
1709804048886 1300.6621345391725 0
1709804061847 1296.104785334877 0
1709804073640 1290.9064587581665 0
1709804086387 1332.8819342916267 0
1709804098263 1315.702431741551 0
1709804109682 1267.3712542021415 0
1709804122472 1265.384008488071 0
1709804134131 1262.9845814105495 0
1709804145683 1254.050742063169 0
1709804152196 1260.927646466733 0
1709804158481 1175.21381831751 0
1709804164733 1298.9260313617813 0
1709804170987 1207.4812614471714 0
