1709804005332 61280133.46835443 0
1709804016231 61280133.46835443 0
1709804036885 61280133.46835443 0
1709804048886 61280133.46835443 0
1709804061847 61280133.46835443 0
1709804073640 61280133.46835443 0
1709804086387 61462663.55555557 0
1709804098263 61462663.55555557 0
1709804109682 165679530.0 0
1709804122472 165679530.0 0
1709804134131 165679530.0 0
1709804145683 165679530.0 0
1709804152196 165679530.0 0
1709804158481 165679530.0 0
1709804164733 166258383.6216216 0
1709804170987 166258383.6216216 0
