1709804005332 876.6271282230368 0
1709804016231 2.433071178279601 0
1709804036885 950.6964721231329 0
1709804048886 2.684265141501274 0
1709804061847 1008.7651356807348 0
1709804073640 2.6719406366747727 0
1709804086387 870.3791686896402 0
1709804098263 2.3207963778592355 0
1709804109682 1515.4633724294551 0
1709804122472 2.643204229553938 0
1709804134131 1635.9832179524099 0
1709804145683 2.818844435746705 0
1709804152196 1743.9966175662164 0
1709804158481 2.9017740037633355 0
1709804164733 1499.2523714722881 0
1709804170987 2.6148977937929394 0
