1709804005332 69849.99255020171 0
1709804016231 331633.8720318824 0
1709804036885 6767335.315613136 0
1709804048886 8882564.622489892 0
1709804061847 11817769.825524963 0
1709804073640 17461753.44431664 0
1709804086387 1848741.6973737702 0
1709804098263 15788455.00854627 0
1709804109682 528441.2768841088 0
1709804122472 14341612.265077263 0
1709804134131 19251126.950931907 0
1709804145683 43849532.1221886 0
1709804152196 31581659.371494174 0
1709804158481 127307262.15908733 0
1709804164733 4289237.169843644 0
1709804170987 121872729.58821145 0
