1709804005332 0.7677028040700796 0
1709804016231 0.9371069986441968 0
1709804036885 0.011716377470456694 0
1709804048886 0.0181280635978614 0
1709804061847 0.0010450828212207794 0
1709804073640 0.000121711939024776 0
1709804086387 0.12152644922081333 0
1709804098263 3.49382916494865e-05 0
1709804109682 0.6374949316193254 0
1709804122472 0.09832937461312058 0
1709804134131 0.014102570757068195 0
1709804145683 0.00028973539177708257 0
1709804152196 0.0023149048509691593 0
1709804158481 5.701398458070303e-20 0
1709804164733 0.17160260452737838 0
1709804170987 2.5865289933603822e-20 0
