1709804005332 0.08786839597780291 0
1709804016231 0.1378393869284315 0
1709804036885 4.717401247185243 0
1709804048886 3.178419504323072 0
1709804061847 5.973112157994385 0
1709804073640 5.89756274382634 0
1709804086387 2.449941046320926 0
1709804098263 8.98747070092125 0
1709804109682 0.22398211036867396 0
1709804122472 2.1788506378293273 0
1709804134131 4.535758541220925 0
1709804145683 6.116071892597599 0
1709804152196 5.338272281272869 0
1709804158481 44.39630846308199 0
1709804164733 1.9066907679277478 0
1709804170987 64.9450937369766 0
