1709804005332 -647.7310716294083 0
1709804016231 -647.5631281508479 0
1709804036885 -643.1538233426934 0
1709804048886 -641.5921715646522 0
1709804061847 -639.3134969625045 0
1709804073640 -634.5296097479157 0
1709804086387 -662.046517991141 0
1709804098263 -651.2595421387668 0
1709804109682 -629.4089609820547 0
1709804122472 -626.2770050655114 0
1709804134131 -625.0772915267506 0
1709804145683 -618.4720387935524 0
1709804152196 -621.9104909953344 0
1709804158481 -576.9152438612149 0
1709804164733 -645.1589505876865 0
1709804170987 -597.2845330837795 0
