1709804005332 785642.7367737747 0
1709804016231 775724.3037974683 0
1709804036885 785642.7367737747 0
1709804048886 775724.3037974683 0
1709804061847 785642.7367737747 0
1709804073640 775724.3037974683 0
1709804086387 768283.2944444446 0
1709804098263 758804.1111111111 0
1709804109682 2333514.5070422534 0
1709804122472 2301833.5833333335 0
1709804134131 2333514.5070422534 0
1709804145683 2301833.5833333335 0
1709804152196 2333514.5070422534 0
1709804158481 2301833.5833333335 0
1709804164733 2277512.1044057757 0
1709804170987 2247086.7297297297 0
