1709804005332 69849.99255020171 0
1709804016231 110544.62401062746 0
1709804036885 3383667.657806568 0
1709804048886 2220641.155622473 0
1709804061847 3939256.608508321 0
1709804073640 3492350.688863328 0
1709804086387 1848741.6973737702 0
1709804098263 5262818.33618209 0
1709804109682 528441.2768841088 0
1709804122472 4780537.421692421 0
1709804134131 9625563.475465953 0
1709804145683 10962383.03054715 0
1709804152196 10527219.790498057 0
1709804158481 25461452.431817465 0
1709804164733 4289237.169843644 0
1709804170987 40624243.196070485 0
