1709804005332 794938.746439016 0
1709804016231 801981.3964206331 0
1709804036885 717273.6599044907 0
1709804048886 698662.0717001348 0
1709804061847 659498.1819043928 0
1709804073640 592168.466968694 0
1709804086387 754606.6057997696 0
1709804098263 585572.7947622273 0
1709804109682 2359301.2674730844 0
1709804122472 2194063.8512307643 0
1709804134131 2122150.7688270737 0
1709804145683 1792389.4982031088 0
1709804152196 1972027.5092427328 0
1709804158481 573503.8185210845 0
1709804164733 2249571.478496916 0
1709804170987 625516.7381942049 0
