1709804005332 -0.01183236251049058 0
1709804016231 -0.033848485208760604 0
1709804036885 0.08702311326652135 0
1709804048886 0.09934229431781949 0
1709804061847 0.16056223645290968 0
1709804073640 0.236625094676289 0
1709804086387 0.017801621802234657 0
1709804098263 0.22829517369802133 0
1709804109682 -0.011050610721728527 0
1709804122472 0.04681908061594342 0
1709804134131 0.0905774262715362 0
1709804145683 0.2213209889797888 0
1709804152196 0.15491097085901906 0
1709804158481 0.7508491392802682 0
1709804164733 0.012268047161992701 0
1709804170987 0.7216321337675118 0
