1709804005332 0.0011398472652849323 0
1709804016231 0.005411583849799895 0
1709804036885 0.1104327770289183 0
1709804048886 0.14494521612451206 0
1709804061847 0.1928483042816439 0
1709804073640 0.28493996210184036 0
1709804086387 0.03007910152970683 0
1709804098263 0.256876833931428 0
1709804109682 0.003189538725056229 0
1709804122472 0.08653495225694574 0
1709804134131 0.11619496355966186 0
1709804145683 0.2645809340364672 0
1709804152196 0.19061895800582107 0
1709804158481 0.7681512823858051 0
1709804164733 0.02579862185840376 0
1709804170987 0.7329173175336937 0
