1709804005332 61210283.475804225 0
1709804016231 60950586.12796812 0
1709804036885 54512798.15274129 0
1709804048886 52399655.37751011 0
1709804061847 49462363.64282946 0
1709804073640 43820466.55568336 0
1709804086387 59613921.8581818 0
1709804098263 45674677.99145373 0
1709804109682 165151088.7231159 0
1709804122472 151390405.73492274 0
1709804134131 146428403.0490681 0
1709804145683 121882485.8778114 0
1709804152196 134097870.62850583 0
1709804158481 38424755.84091266 0
1709804164733 161969146.45177796 0
1709804170987 44411688.411788546 0
